7345831361
38704351088
1162755936
76734607696
7946577140
41093706346
5165677462
63295144366
1556512538
09320819142
9624354494
25156099713
5750488659
62997020978
5958501564
07035098650
5446375029
22394405071
1079393570
13051143136
3658061284
85792258540
5007049408
04629660014
8631986308
73071426743
5886423306
17441958789
0007822900
76951817636
0309098056
96775871496
1072010964
87231992144
0683505429
80024064564
4512540452
72785635417
0525750769
34295524316
2333013304
95120425144
9916302738
71490591407
2747098132
05599462137
3359280478
73151022522
9552148638
57706833077
7860185758
96787665775
5900239656
60166513592
7404951291
96306905243
6579629122
24256334950
5978992071
71094939884
1076009438
06908680158
1433531946
33789530007
4430745534
66180441931
8229682067
92595621980
9478808113
18866770873
5999688741
22747170301
2690579030
84511425817
4042959248
75091579125
7338629971
65164020157
0307574696
16304898941
3603006239
38679993859
5898657599
96615089462
8662323645
80623859751
5198341248
63319348464
7480777137
56188610603
1138688833
65380691315
7143392008
08761975703
9398657937
56714393409
2727473267
01730832835
2670957399
69999251868
8165007682
02298320058
7570519961
13086305741
6278730010
88050729757
9050729925
98959803759
1614810620
95949532073
3549743901
31540284252
4801127043
88640712790
6158067813
90892533634
8677925336
75963248939
2790841897
60295482584
4278676351
69494325212
6933827765
78160278452
7869628055
25609457381
1075894747
16380958218
8571725783
61395115146
9232438512
99398611096
0724861045
18451892211
1984052060
75216713083
8036369950
98369374891
1047601890
64601090058
9479050328
51537660714
7588103546
59248764744
4287245676
86355365197
1078537330
27319188769
0488608788
92032140875
5883430865
86182600213
1345861870
29359608589
3761269674
76014374225
9146717326
59500449554
4610916079
17556663970
3063272924
85433260516
4702213505
65382893168
7754525523
54056217617
8051548165
58687401487
4991468456
50171937691
8531034619
62514758401
4639304740
95893658782
6432884170
47467384113
9916025706
41244778742
4530885288
01289732794
3789587252
97760203969
7035632465
76740426113
8409921289
86631947724
3890788982
51210069649
2603118828
55244792668
7369270999
16094194776
3146503986
33599734391
4924014157
50520374589
9874388991
19399133531
2651172664
53157955183
1327201594
69862736039
4794990660
83511122411
6198734413
99999652641
4017343587
90314885465
7103443859
07805517775
7228931449
09295882668
5246618841
69847511176
0799275111
39203628290
3430003657
85395574122
9544133916
92323906901
5168250987
49575144482
6921035655
27473730100
8399506055
96645509636
4383339474
05098102662
6285886736
23504680544
9677034337
86029899631
6562313811
22183534315
4964066681
35770169536
6257827407
61514054833
3921501126
71660931730
3669488839
32246752552
8566541191
07439017635
3720163902
14460031175
3890429020
05144754198
2793748254
92094778182
2734452393
39216316723
7680148094
26444337534
4350760150
78638365042
2506429465
00834835313
7567768229
54942121442
4848298253
52880015532
1686200476
56473861951
8010640357
45497905909
8224356946
56435202436
3763690241
82826995660
2090319803
84390324930
3658721396
00351091723
3023348670
35478131102
3151719814
35561839352
0028074203
02375484456
5563538795
81656490302
0645570141
29804188548
0541518338
06757666898
3332837149
97221303093
1476564847
38204086875
6600145262
01374699998
6475059586
87134327032
6006857467
79374934339
6220494816
53691714838
8153603099
52559819958
4034838658
82146784407
5746281299
67401247812
2370967349
60882243372
7814610239
88304976334
7117110187
17701388310
2103574677
37991944185
8851012349
61029870416
7707844110
99814214330
1331548327
25283764554
0635473153
36412572192
8740568390
43100740315
5386447600
51766206603
8915730600
70811995184
0867565754
33979239589
5772308232
33078602946
0338216922
91536311389
6564712348
45801810186
4592085411
85714149409
3200277310
86118810969
9017969123
71568666507
2006411033
34386766425
4226197700
81598726958
6080572795
21335533773
6177028738
89207251868
2853504075
12667090127
2656218341
79551696239
8104469376
33232500251
2208273392
49640065964
9954368259
23476484577
8220574734
99385191756
0483500584
08581941661
0397286764
25503999039
9554781107
69287834435
9646863060
74807563838
9343943926
21520948421
9165292859
66356971986
5016286932
30048389647
1766033649
71282187836
5815736776
93847093471
7954763551
61809713941
6300122606
26578344250
7775445046
65089330076
2254461506
62466779493
9027473312
52231088190
8624324012
95860722572
3964805226
81971993697
1002185293
66533639885
8508396595
70459688253
7130311279
44362809082
1449769439
37412748879
4364471899
93534379159
5399443031
26744190032
7503257627
77135515765
2922439812
25749152278
2665182403
10466982819
9898821597
73031673587
3001702401
16704581975
9437367805
00817445919
8680653431
79159297851
3602101375
37561166530
4268319138
64992621470
5373304987
09183899616
2565173567
22505180986
2746877223
23385853537
7476112820
07935037717
9964835626
18440491303
1223828082
23940159566
7182133296
03721459382
2176441368
42085081700
2713709326
90705508201
3479556115
83027777066
1990058185
75182190348
9520639744
77900105691
4685445542
56908118079
4643459663
91085048392
0364925771
58656037132
3199730258
35831555414
0374558291
03772409420
4007539636
95128297303
8358263862
38991587865
4088097634
20257716613
2859262324
17225944675
7440291594
17376847885
3341671670
32764223137
4948160436
31763852339
4829081826
01952470235
7295294102
62858879152
9284694242
48995276403
7121608424
87648212746
1768189387
53233197097
9727236651
31636589332
6180693598
78041741864
5276941098
57487665553
5981111433
79702429827
7421648497
88874675760
6422513028
27703006551
8739499114
39732438370
5391278955
53606114132
4794898889
74952815497
5902173554
81177300667
0083423591
50631583358
9734196137
81034185333
7891443867
66995511154
8018136122
33482184965
6184915117
43992617527
2721699105
12681115363
7138789947
17766165840
0166873057
22469341204
4863078561
66877750519
6126126883
25666805834
9384269773
96572219395
1526298473
50216469277
2537415456
98656012506
7848358888
28354595997
9800605731
56546755573
2748062747
83380254636
3766478321
21520224141
3909097107
13816258320
3819919489
01886113655
0294817057
02984719424
0025284787
95523469741
9959901362
49124539990
5544918188
45032890662
1376345573
18282478138
6403115044
65649142005
4588094752
08540062084
4930868668
25504512674
9473633688
29790709134
0201668232
48829991584
9415095964
03027699325
4379323200
56433729847
3797906958
37262671894
1503708004
36802453251
7241707304
77791223918
9141804405
37671350775
6406682597
80012545416
2712544040
49668341716
9483252366
01215110365
6745985013
42708195850
6621252430
93595854285
2938879899
66674950448
9341929304
20334509459
1603624618
69567417418
9166251299
85335877404
9064999998
13010585964
4702482547
51088223856
2615680526
53029164604
0148207401
36808877173
9221753765
04374019568
7365244684
14318750361
1265425366
57833385324
0162572539
01305129019
1937242769
22796804465
1582884009
32282317794
3968598294
77321304507
2100966307
99728523708
6595577599
92942477530
1147042243
51053860617
2476959351
90433558558
8332803954
99820940189
0502647532
06103417291
3905492760
09781166285
3996928288
23364570432
2119828432
02243767204
9993270587
39630838092
7278474504
26685717325
5476685340
82874263343
6598470458
44886103890
5674455450
96768446076
1231793017
49041531598
8149763236
62504161265
6471839845
92398700517
2971815929
70194582799
0600906174
19694310416
1916986591
52352349593
7883646847
01290157654
9828270084
25231892822
0760992976
08832319436
0729150834
57966372294
7328500498
72452446633
6750143106
51273815048
0790022911
50538710952
7333931221
80908074800
4679900914
50375264210
4350900395
75898063641
8926790060
61905672293
7032154091
14295107391
0107151445
56632978473
1000023702
67583942837
2404038338
09480822046
2467582830
20945974875
2084437877
51966042721
1043126728
58248190103
1051675148
96316338384
7344072200
27672786026
9317127080
78577167465
3888650586
24076853299
6003563215
98281410677
2024129082
49385443421
6930624760
31399673430
2741191459
24090708172
1167295537
83006888814
3432719895
09356654454
4697619890
80675859624
6554491407
12582867294
5648869049
41290862740
3931476006
19668422135
4762767074
07166942241
1560586091
19884717814
4541618045
34084445927
4542597176
21619261710
9921136634
99095676687
5550838290
73002209850
7501724464
70961808998
3397894280
77721262971
6383459043
58318186396
9064178750
92544755685
8433444348
10033330104
2493018329
30245181953
1950480957
84803537794
0644426403
70916492119
3795024920
33984090747
4272359393
85350633162
2469588365
80533437989
7632599084
93759382042
4387454806
52852599491
7494025349
16755701365
4160238390
47179272784
3104421070
34487785079
4506770164
42787661044
1754365597
78194643383
5447076942
63798523815
1031513672
27667856187
4409805874
74451282838
8027639992
00015750975
1705904631
10997666492
6179391381
62244244015
1395678019
51334741228
7798302701
84791060217
5925476553
86401281475
0388736572
81600180585
5814432620
26622529594
8367779512
84028146356
5697697356
55381855460
6596113155
58305343134
9044557472
63141960390
0492661526
99529646037
0398136441
82252338906
9575417843
02352354019
2603143333
05644754461
